51630227 3931193
5115843 1117085
9149739 1166281
1925673 959952
1715351 928507
1924278 1027669
1957405 1117161
2091855 1278097
2322603 1381918
2249909 1325356
2008412 1314948
1570118 897947
1995729 1179093
1756642 1065696
2122312 1259342
2023473 928077
1785922 1157224
2025140 1222104
1690378 1044514
2745294 1516696
1881944 1073247
1707016 974796
1754555 1092350
4588508 3374359
1558400 924143
2261597 1504251
1640392 978945
2132032 1450920
2236892 1493224
1678784 987733
1726202 950313
1545730 907854
1699485 1108298
1840144 1200227
1733616 1062533
2267293 1143597
1671177 1059052
1758030 1108871
1441898 838551
1580564 951135
1563374 956599
1593056 974093
2309950 1704707
1720254 1088011
1822539 1143607
1591010 890381
1609746 998399
1887776 1184560
1726648 1034716
1496526 900688
2103242 1466595
2015176 1291812
1649213 1032299
1835251 1202882
1754614 1123008
1668776 1037495
2145027 1514880
1887785 1221099
1928223 1274850
1528950 921452
1728437 1103349
1687344 1089137
1483167 847775
1714195 1021751
2087232 1431328
1713325 1089872
1960397 1327195
2960735 1245396
1638237 912736
1777195 1036188
1922890 1269388
2765984 1688034
2340109 1622138
1745608 1045207
2447839 1469199
1695379 1056429
1726398 1074104
2087751 1489341
1818074 1110275
2556206 1849184
1742368 1017935
1667324 1055313
2157933 1626154
1631560 1064866
1355577 845182
1631938 1062317
2141814 1611039
1633679 1096527
1619539 1063989
1844030 1297371
4219373 1095026
1646496 1093805
2528710 2008199
1550664 964487
1935485 1398073
1633735 1038053
1820475 1296617
1408301 892785
2061380 1531592
1846902 1321672
1474355 966770
1755936 1229393
2134826 1596059
1944999 1375961
7132055 6060048
1611156 1068444
1313900 824691
1587351 1031554
1685820 1042898
1336715 842634
1808640 1281657
1540808 998658
1737802 1180933
1716115 1121473
1626640 1089895
1484974 953623
1838901 1142861
1680818 1185529
1683181 1140089
1451375 963239
1866984 1379939
1562417 1044722
1666024 1125384
3242271 2171418
1742627 1094207
1811624 1294344
1973422 1429791
1905328 1299417
1807751 1275032
1823061 1286847
1341535 849849
2473223 1213377
1829697 1261637
1693587 1169799
1844129 1339997
1563819 994766
1394837 918957
4331353 3435522
1429580 829395
1471693 932839
1338939 807202
1649946 1081456
1558935 1102181
1576583 1027052
1811048 1285695
1590130 1042801
1485706 994660
1555326 1060248
1431550 927433
1529117 1056927
1813649 1313131
2699925 1826599
1493838 993687
1480570 976350
1757628 1077325
1594535 1034426
1644625 1150742
1502276 951887
1627758 1118645
1493522 979202
1680617 1124479
3136826 2581387
1822964 1235942
1507013 1023442
1537727 1016314
1537768 1046216
1624553 1096719
1607881 1074241
2024715 1325626
2739199 2201660
2599103 2098651
1750356 1182711
1702156 1241267
2393619 1977007
1688020 1207376
2307533 1716994
1940342 1159089
1839231 1350943
1514084 1017816
1455145 1035877
1757600 1277394
1916472 1427138
1512667 1044588
1762703 1280044
1545622 1062217
1571677 1054291
1926971 1469105
1821262 1305622
1634332 1159228
1793612 1268103
1630207 1086342
1558809 1085912
1568543 1066578
1532814 1044343
1624662 1086154
1530266 1023589
1487456 989329
1781077 1162828
1507127 1012443
1441118 946544
1555705 1082373
1687137 1179829
2175819 1723789
1753825 1222773
1599825 1003765
2130240 1623194
1587324 1094664
1668028 1154254
1570632 1074875
1846321 1371971
1466105 996540
1448353 983234
1516214 1023890
1312426 869940
1884927 1409587
1705617 1252957
1862119 1378486
1295939 832932
1598945 1153657
1639257 1179507
1686868 1233955
1991066 1517027
1788754 1270233
1775307 1233416
1697281 1159418
2059583 1601648
1392481 946789
1570126 1078507
1567400 1050252
1633581 1086794
2410678 1714502
1813623 1296491
1539187 1013402
1772340 1147391
2116513 1633150
1507665 998856
1515945 1030590
1546641 1031593
1596722 1083873
1541757 1068298
1885054 1344926
1536260 1051201
1613060 1106671
1477347 994759
1662080 1155001
1537043 1065283
1587227 1069724
1511706 1056955
1381149 921126
1332170 864027
1401470 916645
1516260 1058810
1332305 877150
2103000 1633151
1281047 820263
1665581 1099831
2110308 1300050
3163890 1154213
1291349 838452
1410256 922283
1443567 988681
1766607 1273659
1419549 945847
1503903 1017620
1541419 1084796
1533974 1004735
1552477 1085112
1729253 1223223
1700575 1186785
1609359 1079609
1785756 1301772
1733851 1166912
1299081 845179
1432594 988939
1672010 1186309
1530515 1058681
1235047 801705
1734436 1225522
1640643 1184924
1783479 1291434
1385623 931557
1438510 962937
1367229 897922
1639982 1187501
1480790 974918
1374320 911421
1521393 1064010
1527832 1062351
1496158 1037733
2865706 2390099
1526880 1056760
1627809 1177788
2569501 2102603
2278742 1837326
1633310 1183183
1392045 951333
1956311 1494510
1878742 1416559
1505651 1027206
1244811 815099
2040990 1558197
1471454 1024793
1474511 977325
1497004 1009057
1592791 1119835
1723245 1302319
1714602 1224716
5926102 5445267
1506375 1054691
1452886 963141
1996973 1568802
1544654 1034066
1372100 919666
1503926 1016452
1275279 834405
1628730 1130567
1753670 1268518
1529713 1056264
1596496 1088841
1169426 756836
1477402 1027194
1750391 1262697
2384585 1601221
1533305 1069569
1442971 1014186
3067149 942841
1666696 1121630
1525679 1054964
1386669 948337
2090431 1612332
1717967 1193294
1460643 993449
1299289 814672
1508709 937353
1772573 1283592
1616720 1167774
1518884 1055187
2210612 1015496
1618997 1114712
1464687 959882
1606252 1106755
1407722 929364
1530365 1091574
1844764 1359898
1421333 942706
1332684 908164
1238257 807207
1616771 1158914
1537810 1087470
1316439 860963
1558828 1069114
1728209 1253933
1679642 1256104
1531253 1014175
1628772 1172336
1276428 834587
1357003 900846
1249703 829500
1494838 998715
2122153 1663685
2733982 2089722
1497926 1046952
2458746 2009466
1407431 960409
1413480 1013671
2244212 1868734
1724172 1269403
1461152 1053872
1872390 1393350
1401657 924578
1644074 1119318
1643283 1138101
2080408 1538482
2098766 1641215
1496019 1078092
1472798 996104
1469055 1025615
1210902 796526
1509868 1023501
1333919 901060
1875822 1417842
1315938 867424
1563094 1115990
2339147 1895872
2993041 2443025
2151273 1644055
1489377 984332
1463330 1037775
1348654 936474
1578088 1095252
1583631 1159992
1453832 1022517
1464274 1003596
1673601 1237029
1515993 1089575
1576749 1176478
1296706 875390
2040241 1581379
1501932 1038277
1411403 996170
1722143 1293835
1252075 871088
4651692 4211272
4419149 1215578
1604919 1130657
1695671 1268246
1523704 1159226
1487436 1091120
1514883 1104688
1896276 1432662
1349872 923610
1226463 806570
1266927 839154
1526851 1073766
1554018 1101696
1504790 1085907
1549573 1116054
1907209 1496463
1251529 839110
1265628 849342
1458138 1008900
1433540 1045894
1682602 1241282
2002038 1523849
1589469 1097117
1464302 976762
1424175 1036331
1670086 1219932
1389311 935593
2351221 1932310
1206625 818183
1410882 968359
1813168 1304604
1369377 910888
2088997 1600112
2714317 2107333
1737715 1259013
1404507 984640
1186963 805422
1213993 836906
1712989 1327078
1674809 1258638
1463727 1044898
1548034 1100207
1951397 1554606
1503648 1062103
1475551 1050192
1871250 1443973
1624231 1155799
1603189 1182470
1614237 1164066
1202424 816465
1972508 1557215
1723151 1299943
1730013 1344408
1589311 1072841
1598625 1230106
1878769 1371718
1410277 994679
3528041 1988907
1884169 1338090
5880869 5426679
1377864 938268
1490161 1063192
1397485 1042394
1535705 1165831
2140526 1648667
1827999 1412364
1540423 1067699
1422200 1043685
1590895 1088855
1538746 1110408
3283468 2125580
1554218 1111531
1182201 816390
1474871 1084692
1431451 1062476
1454221 1062417
1360126 972040
5798596 5406638
1330554 961894
1196191 851994
1406219 977763
2337056 1946248
1375361 1000279
1645175 1221079
1510952 1089625
1650708 1266427
1438539 1066051
1254240 877870
6846375 2005596
1617034 1230622
2080277 1648348
1471087 1086066
1736124 1364165
5896707 5491804
4378908 3442769
1410286 994237
1429896 1004944
1632227 1263344
1440413 1034645
2014612 1530803
1319631 917671
1314920 935401
1496567 1040000
1432244 1037744
1333318 948350
1413456 1025411
1447050 1059271
1933639 1563237
2757325 2143127
1998503 1584228
1492328 1071097
1985390 1585981
1455163 1045415
1351804 954882
1333899 930607
1722508 1252307
1683646 1307682
1401109 1036109
1571174 1136932
2704747 2120778
1558862 1175749
1989421 1571238
1674752 1260468
1536680 1109149
5301917 805208
2715428 2147459
1462667 1053884
1403082 1042954
1650361 1273895
1267577 894136
1469917 1109193
1345291 947460
1747356 1339079
1598838 1210263
1371446 954650
1166618 790234
1492280 1061489
2396275 2016045
1215923 849441
1439383 1031645
1414170 1046808
1262009 898698
1496699 1134734
1584818 1182959
1628473 1265416
1381479 981304
1330864 958220
1505365 1098082
1800920 1429504
1329098 964736
1474571 1042311
1301129 931103
1326381 939444
1472551 1086032
1274359 913449
1621297 1188041
1624087 1162429
2695590 2127239
1243254 891203
1424588 1060062
1567552 1197059
5811946 5428586
2400119 2023612
1200475 808062
1510075 1141640
1492031 1076473
1374610 1027106
1465422 1092142
1161212 801778
1184137 826174
1523915 1076558
5879525 1088831
1567356 1155049
1138247 804648
1512507 1122148
1541326 1130387
1475361 1137722
4509812 4131296
1387795 1006623
988536 686049
1515614 1069663
1391233 933916
1393769 995271
1768471 1390361
1802748 1409096
1444210 1051957
1681572 1301582
1209670 810641
1383677 1037516
1332950 948974
1191701 815862
1613007 1250471
2382234 2004325
1454499 1077117
1375130 999195
1158461 835637
1134145 795495
1311935 939483
1268193 918269
1859873 1498361
1756668 1353301
5867832 5429384
1367894 1008216
1122987 782298
1689267 1328398
1502166 1131385
1520764 1152292
1217449 869026
1285168 898297
2104883 1646107
1412106 1044660
1621655 1251362
1440365 1077143
1629780 1244294
1475405 1042798
1354771 996310
1452339 1062864
1388044 991300
1393855 981307
1862768 1500759
1489744 1078998
1334907 957561
1492746 1103719
4508881 3964532
1452433 1076541
1421841 1026770
1370706 956011
1514009 1110400
1906470 1143425
1253415 919848
1741977 972614
1297459 941344
1661859 1208233
1564449 1182856
1292372 934781
1657223 1272949
2613964 1036447
1602655 1182077
1513478 1070288
1294691 929419
1537254 1173361
1478684 1078532
1630227 1251117
1204169 809183
1621754 1239800
1390310 1031069
1651446 1268694
1418596 1000365
1647029 1235552
1601878 1228144
1559442 1180201
1552644 1147091
1525064 1140858
1608668 1222185
1345638 973458
1396989 1031299
1408281 994949
1447843 1035643
1560710 1143729
1521965 1146475
1334464 937170
1638562 1247459
1683590 1302075
1525056 1123745
2372267 2001006
1279253 915266
1313551 924497
1568603 1165303
1426488 1067046
1583016 1205840
2271305 1726152
1186731 814699
1372980 974882
1380992 1023256
1165740 797695
1158420 812735
1524149 1120741
1444032 1093198
2349239 2005092
1473558 1063865
1258963 912216
1159814 790669
1333258 970974
1395468 1011036
1393825 1025370
1340484 919879
1159270 792845
1097317 767518
1137534 801539
1301764 947510
1567389 1103445
1325324 977674
1198780 851648
1318969 1000684
1633632 1274083
1070993 776910
1278025 964411
1838274 1249865
1125520 784024
1308591 989712
1789170 1394127
1345310 992038
1400253 1034030
1381740 1035113
1566947 1135718
1696539 1310480
1140110 817063
1512415 1156927
1514426 1156958
1565143 1196587
1839177 1470436
1729846 1371265
2001828 1617800
1556640 1157518
1958926 1485249
1331884 925243
1283491 913590
1741378 1375099
1395645 1030922
1546846 1123591
1936242 1514422
2300606 1851762
1649068 1283061
1104706 771309
1238562 876482
1127517 808496
1418412 1036333
1292790 1000894
1360636 983791
1760496 1419696
1331703 1004969
2010953 1610544
1485524 1112330
1351769 1006669
1302453 949513
1452865 1062813
1321367 933133
1710528 1348022
1773119 1397169
1351227 946453
2190968 794864
5603189 2055473
1550517 1014751
2029601 1592350
1892397 1474941
1372073 1006383
1144414 795251
1420161 1042781
1792007 1434902
1350127 989428
1382038 1018313
1347868 1015269
1246884 886462
1566307 1210982
1556287 1154004
1334087 941698
1270601 927520
2587682 2066814
1944147 1592653
1491974 1076329
1509080 1144548
1345734 980077
1699140 1326313
1585874 1220047
1624590 1244522
1369924 995891
1493946 1091072
1490860 1117336
1289074 928274
1329231 943037
1143782 790578
1602366 1231201
1448602 1044453
1367516 960122
1305367 930085
1607868 1195842
1579771 1198744
1142983 791767
1615109 1253341
1394711 1037344
1172424 823706
1451407 1095807
1299025 932666
1523890 1181852
1486403 1058306
1231275 874204
1558005 1184757
1502367 1069741
2338939 1986153
1415758 1009065
1583494 1197713
1480991 1062912
1497149 1084424
1419346 1052393
1779359 1395996
1271152 921448
1438500 1074505
1463397 1062832
1384009 1037329
1878952 1445698
1579361 1203718
1441582 1054565
1467833 1056665
1704838 1344224
1491721 1064208
2028592 1644900
1400976 983274
1784046 1394115
1427249 1057390
1597664 1249814
1464379 1085047
1579824 1209821
1227577 882638
1395892 1008152
1297118 932781
2009863 1641812
1162518 825255
1364785 957445
1138329 789106
1656670 1275933
1380353 1013440
1592363 1202204
1408180 1013434
1472235 1079929
1642794 1277930
1552170 1188964
1334869 983769
1499406 1132476
1376797 986078
1359480 984540
1820687 1432787
5732610 5363987
1323796 915988
1248786 891265
1217732 869255
1913340 1560025
1151883 813882
1608605 1244457
1446439 1078452
1477677 1102278
1175459 812700
1340937 994717
1964236 1611049
1560902 1171465
1531129 1091987
1395105 1020290
1452674 1076877
1461674 1035822
1229834 844539
1539308 1180779
1507810 1077077
1594582 1248984
1280280 915053
1285839 903940
2328428 1915068
1308085 878140
1472112 1116573
1396917 1001861
1604731 1207169
1263179 910038
1720334 1334501
1301717 934154
1702727 1328314
1347705 971864
1578682 1172764
1584357 1162145
1266582 906196
2456703 2095383
1606839 1238626
1372197 974976
1900578 1524908
3524388 955672
1650705 1281950
3863143 2761131
1410935 1003859
1601474 1146489
1242828 871339
1239096 876345
1171761 810443
1366069 1005088
1619501 1252760
1703390 1334743
1222554 870736
1402413 1032613
1923900 1561459
1349056 964287
1636713 1248635
1291509 946044
1368631 1009549
1367047 942146
1336608 933947
1375083 965920
1471175 1096492
1459357 1016877
1503959 1136640
1359351 953471
1332132 931009
1619397 1231656
1634615 1230541
1628479 1251859
1512344 1096562
1457403 1093559
1240210 882603
1486543 1078928
2361732 1983140
1457636 1089836
1550886 1193922
1258612 894000
1379885 1011829
1480769 1068429
1382394 1016108
1282937 915849
1352654 995755
1591062 1169363
1301714 903882
1432926 1031701
1705591 1316801
2601053 2045367
1462159 1084296
5897568 5514189
1709310 1363403
1122859 773917
1686727 1324996
1832054 1482876
1492473 1093358
1287745 913659
1274600 921831
1283159 931763
1396517 1049801
1538121 1184562
1291089 908148
1509010 1118221
1280273 911847
1874479 1490426
1387139 1027191
1635868 1284785
1447195 1036581
1330408 988107
1804068 1413252
1396050 1042808
1502338 1164204
1351054 995954
1551295 1183380
1299540 920437
1478178 1078452
2320904 1953409
1664030 1296360
2777844 973654
1410618 946241
1539608 1075952
1269123 923784
1430969 1079984
1142672 793265
1435795 1068969
1726754 1346397
1319733 941875
1737226 1364891
1519701 1159086
1180520 802648
1382013 978390
1922742 1491421
1392944 1014474
1376365 1016179
1363880 997433
1603302 1225030
1257248 887256
1585967 1174322
1362720 970950
1304947 951376
1414743 1040746
1722964 1341517
1411576 1057645
1193700 845087
1822153 1420451
1391063 1001479
1237196 890374
1670969 1316901
1392148 1032018
1605628 1252235
1342568 1003077
2712972 2197918
1334395 972922
1269877 913304
1687764 1311148
1459559 1002175
1468153 1106592
1290422 918094
1622470 1240659
1630963 1210072
1657553 1290085
1224193 877786
1151018 790409
1444165 1085775
1589641 1207476
2320360 1945708
1257762 911593
1488244 1079295
1599160 1209884
1943891 1594753
2240955 1715793
1448116 1041530
1307954 953633
1670822 1300872
1425154 1066527
1269698 910106
1664774 1262085
1446117 972051
1457009 1095429
1308416 946739
1708859 1075649
1333504 962378
1381459 986334
1389424 1040580
1959093 1582928
1614401 1193468
1147122 788888
1360965 1003738
1929991 1517426
1411305 1038407
1598565 1235965
1355211 1010179
1847820 1510236
4454138 4089858
1603267 1241848
1308612 960666
1608560 1240013
1919899 1577751
1941025 1398649
1458738 1084610
1428201 1085826
1517600 1150246
1195200 866132
1388276 1035378
1426208 1078805
1551808 1207288
1337260 982896
1275365 926188
1343849 994037
1278130 918459
1912714 1529957
1721225 1373088
1497037 1113442
1887923 1546945
1208930 880130
4584936 4216470
1202081 830047
1407599 1063321
1323250 977728
5947820 2071965
1555067 1147769
1733199 1315948
1199615 862711
1676282 1327004
1469464 1065233
1350814 1018880
1300801 898700
1476673 1067077
1416086 1068413
1407782 1047658
1632903 1269415
1329494 951645
2353554 2007872
1244592 895512
1564161 1176749
1916162 1546304
1245593 917135
1587990 1230621
1358777 985011
1631889 1257515
1120498 787241
1666903 1285454
1167115 824484
1599666 1236449
1869762 1530517
1321167 970914
1588135 1163269
1483936 1082044
1877813 1493497
1612699 1228955
1328341 979000
1145351 821295
1138587 818057
1601822 1240574
1400057 1052790
1971784 1596271
1626943 1252694
1922289 1592863
1915698 1558827
1325687 978907
1557851 1217969
1423211 1081726
1357863 997822
1465536 1124784
1514155 1167758
1326747 952703
1798931 1422417
1369695 1007412
1380543 1025873
1153524 784816
1244670 881117
1504290 1125138
1605901 1237803
2583924 2073337
1671964 1323155
1183114 815860
1326828 942150
1656097 1295181
1136230 783864
1110503 768267
1161942 825313
1968212 1576887
1304116 967031
1143035 777715
1587465 1225946
1101767 780898
2225057 1881722
2259283 1890376
1313414 953496
1315123 945847
1268326 935089
1558451 1182188
1314636 1018221
1760757 1421787
1110970 841192
1260377 932006
1604431 1255337
1345417 1011521
1197493 882927
1449879 1069278
1229907 895710
1396429 1037815
1644146 1294799
1473887 1134435
1970457 1589799
1446770 1160615
1651380 1304953
5857462 5450497
1212814 885690
1317669 995967
1303036 939287
1216494 858581
2035102 1625846
1068148 763426
1196007 857710
1286138 968851
1253907 912985
1341633 1005317
1376581 1026140
1752351 1394007
1724858 1393083
1291748 909762
1484152 1107801
1101719 791450
1062176 756848
1401067 1113017
1175136 910911
1527397 1203711
1585650 1234317
1297198 979959
1579701 1254116
2668180 2146781
1398406 1069787
1502153 1118533
1353396 1009654
2297836 1967002
1286675 956348
1486296 1065571
1495630 1141972
1563094 879210
1429299 1118788
1542557 1163467
1795330 1432059
1246638 921367
1212214 913951
1352857 1015322
1241494 858996
1506786 1107421
1448012 1086428
1444798 1136146
1375402 998779
1900849 1537457
1405871 1041903
1597699 1252756
1318967 977900
1301067 956972
1299925 958246
1428621 1035133
1301390 942714
1453978 1118405
1366366 1025472
1546133 1188170
1263416 895946
1291636 973629
1606500 1225610
1739714 1370032
1388295 1044504
1378315 1017923
1440952 1073156
1137379 787440
1551922 1133328
1447074 1108337
1672915 1317427
1899827 1492848
1448846 1047017
1859528 1491719
1379192 1025840
1304349 974935
1396199 1035206
1498587 1143693
1410336 1049505
1957951 1613644
1474998 1067641
1420544 1074318
1356602 1005742
2620561 2225134
1666379 1278340
1496373 1096178
1327293 1001628
1079899 757122
1616077 1292074
1597167 1258825
1415642 1066864
5678247 5381933
1262656 919423
1137424 800581
1157324 869418
1231414 910505
1560947 1272711
1844668 1498179
1317780 961589
1228707 893985
1875734 1544404
1723978 1381827
1607040 1252378
1205230 860702
1239688 897303
1551825 1202908
1561579 1199773
1253769 940895
1110407 770330
1373879 1040119
1580542 1241329
1230032 919327
1316240 967402
1698257 1356218
1238102 897586
1268996 968992
1532390 1229386
1535733 1212827
1412927 1074037
1168286 840757
1528882 1123517
1320547 983831
1654926 1258072
1554292 1171662
2329264 1978696
1590452 1249841
1552267 1191591
1296944 929070
1362247 1011978
1652602 1268066
1640792 1296634
1241177 888028
2395995 2055959
1210097 908062
1344150 1020995
2734552 1116920
2418569 1992275
2480713 2132077
1416583 1076197
1539539 1212311
1428556 1060259
4563209 4218017
1322320 949768
1997979 1643502
1246014 912094
2117542 1219649
1111915 766654
1089958 777393
1093439 763385
1496056 1165175
5261537 1009264
1202801 799626
1537634 1183354
1559213 1222202
1180606 871858
1320754 930822
1596592 1252476
1705280 1330618
1513742 1163622
1076004 766382
1809854 1488528
1355477 1014808
1399892 1046043
1107464 772290
1391587 1050484
1204313 871033
1254460 904495
1731007 1397979
1943171 1563895
1640366 1278939
1619128 1233503
1363190 986093
1362192 1003796
1462927 1123268
1260875 925202
1398496 1070451
1279212 926825
1355423 1002411
1484564 1119877
1619079 1244391
1681868 1330147
1505949 1213768
1292911 955575
1010581 723204
1520753 1130506
1696678 1269444
1204715 880128
1041632 753985
1453376 1110001
1364903 1058669
3274105 862627
1681949 1328948
1283264 944431
1314788 1000103
1303239 978503
1356581 1006741
1550367 1251633
1384239 1017198
1093693 765013
1511025 1151809
1323132 1000579
1424704 1050256
1710560 1347107
1093350 780173
1851416 1531741
1310240 946246
1704200 1341453
1233910 922053
1638062 1289789
1394799 1041909
1355415 1018286
1685776 1354289
1735796 1402544
1379647 1049016
1146182 863067
1422435 1081270
1511041 1164225
1125893 799872
1250730 947745
1228282 925447
1120498 820378
1647917 1338783
1431461 1084526
1162143 840839
1274089 955588
1252899 963311
1191858 849631
1418322 1085259
1553640 1179531
1611138 1302850
1237015 863542
1278856 976986
2516732 2139284
1224244 890699
1381162 1018556
1155070 816538
2346157 2004022
1475547 1121521
1317455 996347
1230889 929392
1182344 839647
1231145 917521
1428965 1110380
1112840 788508
1095176 797191
1382505 1042568
1535520 1175929
1341399 992355
1433340 1065476
1483553 1156781
1385657 1043793
1420514 1033434
1413431 1011284
1126426 782344
1670385 1320002
1061665 760032
1316480 987209
1256124 949376
1283596 906486
2264881 1964066
1383690 1060686
1590601 1226237
1112004 776898
1365234 968350
1382779 1010376
1665398 1305670
2532296 2059523
5084214 803273
1329581 1006257
1502664 1203141
1465267 1115877
1337031 972240
1907206 1472794
1569996 1239928
1349511 1038827
1293720 978685
1219746 899451
1312272 980262
2382033 2069895
1179080 860306
1660415 1296080
1155505 814122
2471431 2152203
1376032 1050871
1646048 1278734
1343688 998806
1451897 1063435
1594534 1242071
1687905 1350922
1384639 1025275
1333838 1009332
1639213 1285526
1426638 1057664
1099165 782732
1287678 932416
1168455 819491
1237351 899829
1376344 1037616
1576419 1245994
1378128 1045654
1313961 946575
1307000 932568
1527249 1191063
1440177 1096290
1179850 849884
1244771 881173
1274362 934487
1174497 855345
1441725 1070887
2905879 2571708
1389387 1010130
1339147 967913
1412912 1075517
1431685 1068012
1255991 921767
1504882 1172048
2572584 2097544
1771848 1417496
1689245 1345978
1307830 990277
1330229 995568
1517635 1077874
1449843 1124143
1246448 897557
1074192 766258
1375803 1040127
1298108 981209
1028032 729429
1855459 1530282
1086015 769121
1269520 902378
1645438 1316850
1617670 1249499
1297536 967477
1368247 1015502
1082417 784990
1261039 957529
1220384 902859
1210969 900739
1328504 1003825
1168561 830371
1665188 1313858
1774983 1453466
3136363 2794901
1551433 1177589
1579316 1213670
1459028 1126931
1942708 804509
1051389 744047
1648254 1344760
2243080 1904893
2355904 2006163
1359693 1029952
1585789 1254569
1468821 1123955
1158732 831199
1229953 941646
1574187 1220962
1106657 773966
1683971 1350140
1095750 788131
1346596 1008845
1236782 922425
1519901 1109411
1117188 796568
1112783 797054
1875213 1553205
1378510 1040131
1258804 911060
1590164 1258611
1116249 808267
1581342 1212584
1228848 920504
1261280 931851
1273521 975301
1566379 1230561
1896064 1503721
1429308 1080781
1391004 1047196
4809145 963638
1355635 1003176
1329317 1022353
2451580 2022507
1335708 991116
1339118 942996
1409961 1059576
1264608 932722
1356824 1001341
1365957 1011526
1009123 725765
1226493 924294
1301637 1003138
1136924 783355
1611301 1272453
1175914 857096
1427928 1062432
1609305 1265891
1500901 1099400
1300068 956947
1326913 995291
1373904 1026968
1572638 1237959
1274258 939276
1347024 952461
1113710 826016
1105171 773225
1615929 1294582
1222991 897211
1748056 1386208
1598110 1264674
1278741 938646
1389294 1045744
1388472 1042013
1327791 992986
1644319 1327529
1437744 1059024
1323233 1006575
1414179 1110146
1392272 1015371
1810732 1508667
1865102 1528215
1412455 1068514
1404550 1018653
1212719 901049
1388158 1035745
1143631 802413
1429327 1062504
1436673 1093892
1240053 900837
1501379 1144709
1478762 1158481
1314599 954492
1306232 968043
1086843 741211
1390795 1037534
1635216 1310361
1257457 966178
1787717 1501224
1318624 943062
5903450 5552544
1553752 1228340
1316776 998711
1399174 1081674
1392756 1044895
1148113 845949
1301139 965263
1246065 903814
1327279 995938
1538087 1191023
1715806 1383445
1583651 1240266
1107501 775889
1264766 923329
990799 725368
1433138 1081389
1204242 861346
1442852 1064095
1292626 954184
1348791 1012346
1434403 1074092
1248771 928066
1471540 1104614
1466893 1111326
1221774 891205
1370074 1006003
1390901 1035598
3089200 2714132
2453671 2104504
1737123 1396408
1298475 951244
1259728 913714
1280445 937531
1344959 1005939
1574454 1222067
5860612 5480705
1403966 1061252
2084962 1663245
1280554 901834
1493638 1129069
1621978 1267319
1502392 1120455
2300350 1949144
1261047 934654
2445152 2101321
1325998 990946
1400273 1056934
4846530 959258
1422002 1063035
1923088 1590784
1827554 1434915
1293412 944708
1687637 1333149
1347316 1009623
1401639 1060770
1498216 1162349
2029635 1623219
1921807 1587182
1578102 1222356
4679088 1616931
1230768 906155
1540297 1162456
1124338 783066
1429790 1108424
1212246 887284
1867850 1532063
1349653 1008499
1404879 1048587
1453017 1128579
1836648 1479745
1435021 1084582
1730074 1379790
1231999 892349
1798428 1449633
1358380 1010749
1367869 1004559
1439608 1079808
1328993 993364
1283803 955021
1249505 894575
1525049 1165606
2577481 2086287
1144719 800305
1381307 1040453
1331511 948539
1204287 820219
1505548 1115846
1646269 1299842
1674461 1333046
1433169 1057926
2343924 1996063
1329840 1000641
1423127 1086988
1288412 918402
1395103 1045242
1271186 918363
1226931 897967
1314555 958085
1265989 925274
1655429 1295684
1348122 1005343
1396248 1056494
1377155 1006816
1501381 1151239
1367733 1015996
1577275 1205458
1403725 1042167
1609709 1264739
1376306 1021422
1282193 943116
1350358 1015510
1148014 793021
1437141 1039832
1154720 805209
1301073 974971
1367915 1040983
1398015 1077715
1131066 812949
1243529 895837
1377796 1007104
1534661 1148503
1349509 993903
1710944 1372627
1521727 1167492
1653047 1305835
1267823 903191
1897509 1536586
1422153 1064456
980262 699389
1936536 1615197
1284610 968929
1298197 990548
1385329 1005008
1330474 941414
1311308 994200
1429543 1060575
1235266 910892
1137721 807170
1547398 1267089
1405202 1123609
1585413 1252362
1091564 837867
1684596 1320952
1580639 1216291
1245004 933639
4256053 994906
1711637 1364919
1921416 1567442
1571596 1203763
2331749 1958737
1269358 900050
1155206 805118
1355412 1019546
2306869 1954543
1448971 1110646
1443944 1098949
4396963 4045707
1641377 1303322
1530916 1193472
1122031 794090
1348687 1026498
1098794 805611
1299987 1001129
1446389 1124701
1611973 1307437
5074785 1145615
1572437 1136839
1426409 1048840
1293190 933859
1638768 1281669
1476372 1100626
1707287 1340258
1389078 1003937
1538035 1150136
1633327 1293571
1873025 1459035
1572553 1246289
1235761 912162
1506252 1133665
1255239 885282
1334622 960100
1542284 1207243
1350535 1020848
1285572 966808
1621760 1274529
1220751 869603
1510713 1149937
1215510 865774
1645237 1280797
1296391 942446
1337371 986568
1519354 1175311
1579622 1250906
1321569 982622
1934034 1587808
1505723 1135233
1306752 914350
2494975 2056650
1118908 784120
1367672 1047090
1820329 1538801
1489326 1063889
1442391 1030711
1381322 1035748
1354368 1021839
1468047 1115858
1436037 1056033
2052734 786578
2060586 1644565
1396378 1026463
1913169 1572823
1539219 1194637
1364887 1034902
1999241 1616543
1384563 1039246
1351430 1000096
1223479 891064
1486798 1169132
1531170 1183544
1463932 1110692
1095461 777650
1244285 900203
1534231 1217497
1335996 999308
1465414 1142575
1390765 1034916
1294410 968043
1673876 1331806
2398992 2046464
1918152 1551471
1588344 1248542
2534009 2089000
1170722 841364
1352662 996299
1244549 900993
1719410 1388554
1464355 1141055
1329699 994046
1235229 867553
1261902 935901
1338853 1013947
1454176 1102243
1304340 955935
1186911 861701
1133027 789683
1367454 1021822
1642019 1295550
1227765 890595
1848469 1455254
1737922 1383391
4500636 4170589
2795004 1532713
1277795 921659
1675825 1345947
1644049 1314729
1223587 888549
1722707 1328643
1315158 976915
1364806 1031293
1430622 1051195
1350654 998110
1369400 1036239
3554527 918881
1426528 1066724
1083169 771955
1487374 1127351
1911848 1552602
1364469 987969
1553067 1200848
2500125 2058635
1390905 1037039
1506309 1109797
1132878 812482
1380773 1046123
1374834 1026592
1282050 962973
1248024 918608
1551153 1232852
1434511 1048398
1408006 1054856
1487874 1182044
1361858 1015663
1113836 805587
1407925 1048876
1211087 877931
1738518 1394307
1515251 1173511
1214644 880413
1139433 803541
1862723 1462778
1265291 944092
1311728 950373
1572544 1227619
1360749 1036105
1503662 1168917
1828936 1457109
1408001 1077569
1530187 1178786
1899583 1545166
1553750 1222685
1288049 964810
1269108 932019
1396373 1053787
1227537 885393
1566281 1218987
1463412 1122040
5775146 5426810
1212790 896812
1166341 861013
1908608 1597423
1568549 1231154
1697975 1355657
1304204 949292
1278870 960211
1419898 1098968
1683314 1346455
1317853 987681
1382566 1038129
1710565 1352550
1145397 816521
1396946 1055149
1365157 1012468
1473512 1132448
1119720 782841
1891807 1560450
1528923 1180151
1157109 824986
1415226 1050878
1420393 1077101
1372917 1045414
1362189 990564
1741857 1408098
1117735 786737
4532223 4165685
1226859 911478
1605625 1250763
1296848 933789
1338002 1007761
2279157 1941879
1194341 889564
1281385 945448
1566808 1252867
1120987 795360
1491373 1138248
1388476 1034285
2352212 1993818
1376579 1047900
1500775 1135870
1386845 1049556
1409252 1063515
1388946 1036906
1287832 943567
1523151 1189241
1547983 1210700
1696578 1371513
1215435 887887
1224729 901832
1412387 1064678
1255041 904364
1358450 1025409
1330789 996737
1434770 1088839
1358858 1028374
1640778 1277700
1225840 906206
1347358 993528
1457161 1094762
1337178 993648
1426496 1089248
5634071 2077963
1151758 807742
1636894 1275886
1244747 904157
1465916 1106532
1346270 959517
1476373 1140477
1694368 1338288
1233434 901929
1264972 927671
1511896 1137057
1267368 935432
1910137 1541692
1294555 938836
1316459 959720
2664073 1042979
1270241 919277
1787316 1458357
1384618 1041095
1182893 854881
1443992 1114610
1376125 1010714
1396229 1019923
1700740 1361523
1306403 948405
1188313 851739
1420665 1041337
1370505 1022943
1715779 1380921
1315428 952527
1344044 1010205
1344944 1010704
2228206 1891516
1453738 1091690
1425741 1061968
1319841 967847
1223736 879741
1750745 1395082
1402801 1043099
1400125 1038136
1592306 1232977
5988204 4514413
1194221 824954
1537876 1192857
1274103 937161
1219112 869625
1741957 1344682
1492399 1106320
1438882 1066923
1276212 939638
1546400 1238045
1305729 945880
1486624 1144192
1932930 1586466
1124195 790740
4617740 4273031
1464447 1136066
1345242 998775
1418722 1058001
1597390 1225046
1328494 1014749
1598624 1257474
2334536 1976067
6588073 6195286
1222549 862322
1502896 1159576
1303840 991180
1707407 1347752
1481008 1068474
4484731 4138537
1416157 1094559
1311083 986514
1429909 1039582
1398534 1053048
1479714 1152308
1219360 887618
1364251 1037326
1347729 951583
1552803 1192978
1218480 877542
1232020 899680
1073652 762347
1435830 1022318
1595168 1221229
1233353 908266
1405406 1035392
1421115 1051678
1559824 1163931
1381886 1055115
1638812 1261240
1264978 927617
1222975 897913
1095899 774014
1090794 770793
2469069 2109703
1306158 964362
1477052 1126238
2388624 2025554
1394443 1019608
1177010 855884
1333277 998419
1454189 1126947
1306864 971351
1367973 1012601
1228007 901002
1622671 1271208
1523531 1201047
1191799 847900
1523913 1176081
1600723 1249886
2127820 1806336
1588832 1241633
1328209 998916
1069862 758006
1416381 1088468
1310345 958529
1254463 916886
1332729 986346
1917150 1566629
1347315 1018111
1285082 937918
1113303 803394
2485360 2076742
1259815 928614
1244489 923445
1264760 920587
1576754 1242479
1498333 1099532
1358111 1007939
2435486 2117680
1569507 1223431
1324827 988127
1504758 1154495
1310137 949173
1426267 1068943
1926938 1539018
1316920 965858
1377994 1039920
1647743 1295366
1140278 820389
1471634 1116463
1519390 1187804
1324504 1021313
1479284 1132706
1414533 1082827
1069757 757114
1531113 1213776
2535495 2125615
1942902 1565709
1591352 1245168
1715979 1360272
1487946 1083652
2484231 1189719
1812855 1420318
1247242 908311
1931246 1601001
1602827 1222898
1504689 1175421
1566054 1234851
1358632 1023860
1400209 1058727
1322630 978231
1231043 899952
1422076 1064303
1354141 1002552
1706008 1364307
1324441 1005297
1495467 1167336
1294536 958630
1111799 776339
8550658 8202170
1268905 936071
1522108 1124163
1309740 975536
1328679 964932
1810467 1463270
2406210 2024238
1498734 1122847
2345855 2002608
1498207 1152093
5904510 5547339
1915840 1312846
1874235 1318225
1340244 1018768
1565534 1230404
1447553 1150966
1266076 995069
1399669 866172
2216885 1886862
1817509 1520534
1961674 1133332
1255873 932543
1125018 814579
1433749 1093021
1344907 1021625
1338102 1016566
1088454 787767
1246568 951341
1649541 1313472
1422332 1103838
1309191 1014348
1314294 990944
1389453 1062253
1232661 945389
1399900 1109322
2027988 1615384
1227021 939606
1750683 1416973
1302349 951504
1273181 991969
1289096 900849
1681448 1368794
1367445 1019339
1474462 1152414
1438749 1093395
1189977 883193
1478256 1088440
1578462 1260413
5806706 5512590
1385624 1058879
1230023 911123
1396270 1055809
2575375 2265543
1385987 1066163
1387694 1092771
1060088 752580
1757683 1413386
1282291 948501
1410438 1059448
1268882 946323
1307632 980480
1469934 1097751
1686689 1397411
1111174 795852
1599683 1261000
1272365 966755
1216037 897159
1243336 921666
1246130 913332
1238179 907405
1286206 978357
1214716 882779
1848030 1549265
1678207 1371181
1624008 1271203
1858957 1555573
1460688 1169239
1655998 1309388
3990409 885301
1724959 1440015
1228473 929959
1488096 1192837
1252394 921690
1281420 974686
1798290 1454654
1316155 1028937
1672858 1345735
1814535 1466552
1232235 912521
1314949 1006617
1569653 1297615
1328786 993795
1617662 1239319
1665296 1407012
2100643 1817861
1381577 1030309
1169368 834234
1306140 998264
2319302 1985185
1431367 1073516
1177063 851063
1382459 1071721
1918710 1600969
1302804 989586
1294401 996488
1544902 1227730
1061268 789123
1340914 1023046
1149142 862427
1151772 893571
1263651 929006
1079038 810855
1392322 1032111
1264557 939780
1133892 843947
2928156 1360645
1165879 905991
1872208 1553292
1351200 1008681
1473499 1158458
1383392 1056816
1724624 1419196
1262677 963004
1394504 1083233
1428947 1127488
1606448 1321004
1199226 886479
1310383 1005741
1531047 1210032
1334490 1045885
1336366 1040424
1324187 997472
1110014 813701
1310092 985051
1571661 1248692
1377866 1045336
1205222 859560
1410922 1112157
1360528 1028310
1321997 1015862
1014252 730547
1347740 997394
2981739 1584975
1853421 1530100
1188970 856909
1109986 819908
1097671 815549
1289745 1019009
1759483 1436788
1824488 1516723
1399494 1035924
1301830 988841
1214996 922428
1170665 879751
1390830 1072910
1343921 1008058
1242375 929821
1324262 1011529
1880244 1554616
1080811 795662
1545012 1214296
1252896 937126
1602390 1249579
2509804 2095140
1617323 1304725
1194368 906928
1057067 766982
1208314 920823
1417349 1079986
1308233 982539
1666035 1344775
1818952 1521212
1276867 965900
1506840 1196831
1189377 904446
1478374 1153989
1046050 758978
1538638 1224228
1129752 809953
2041340 1662514
1429040 1094271
1383875 1046880
1604869 1318541
1488039 1165026
1275045 939850
2169632 1883729
1328094 1047190
3704372 3388535
1925970 1592388
1640377 1306780
1087282 807028
1433799 1126430
1395503 1062646
1275120 946767
1321244 1000235
1439274 1109466
1212556 903441
1627962 1332116
1062847 776794
1574216 1260964
1330983 1007683
1272790 956258
1346193 1010114
1532620 1200659
1483178 1163021
1134749 889004
1171133 862179
1266661 976237
1367384 982875
2197492 1896715
1288895 980141
1391374 1038838
1284335 961117
1371007 985749
1837745 1540353
1074544 763535
1229607 907343
1220018 923312
1090663 782438
1897264 1554915
1350510 1009947
2000079 1646961
1303052 1009430
1409100 1087628
1268927 984946
1531611 1207003
1534026 1202939
1670892 1369096
1078002 778186
1624656 1275270
1194653 901344
1572054 1282673
1256672 930485
6287461 5917891
1350526 989402
1398667 1067161
1317212 1010805
1169622 880693
1315046 982489
1275985 958953
1252391 971206
1179141 868279
1032597 758213
1336074 1017516
1290810 994189
1364329 1031502
1590667 1283723
1290326 971123
1449321 1057412
1055229 776153
1148665 840719
1373365 1051059
2076775 1705216
1407368 1035796
1042403 747695
1218738 945031
1265121 970272
1311845 994208
1368938 1043987
1068706 777280
1253987 959001
1428856 1125961
1898290 1582374
1314285 989419
1612821 1326624
1298854 980877
2396300 2018430
1123532 832382
1289840 1003530
1080517 778435
1585247 1264485
1245308 950747
1312353 1047159
1426283 1139812
1349670 1063960
1481743 1210638
1275414 980901
1416020 1084520
1365792 1053831
1127900 853878
2302821 1941303
1408275 1152496
994708 720480
1109039 831409
2451137 2044919
1386008 1040538
1184266 881616
1510228 1224354
1486421 1182231
1398542 1052797
1587426 1284646
1334690 1043859
1673518 1352806
1311384 1010076
1483077 1182348
5175803 1052639
1102855 782376
1147493 847015
1632496 1348359
1006851 719961
1041302 766500
1328282 975885
1328387 993145
1635955 1316637
1198923 871150
1470590 1149574
1322080 1008410
1373328 1036233
1208350 882461
1614292 1295297
1343395 1023331
1403285 1093418
1481251 1173684
1335498 1000214
1246340 940549
1053203 770456
1372053 1066890
1378113 1059574
1136278 851276
1202334 913064
1227392 910184
1591056 1269852
1320370 1014644
1155152 848248
1173853 858816
1169088 862966
1399302 1091874
1405517 1065178
1526476 1196080
1269660 964112
1106600 781930
1182723 868265
1641761 1303442
1590336 1252164
1247497 886146
1313184 988314
1331398 997211
1715912 1406459
1225783 885728
1554884 1242344
1395073 1087352
1556205 1226009
1303403 976730
1544561 1225287
1053197 765028
1336406 1022216
1189741 872398
1274585 985087
1325379 1035115
1440957 1138391
1959702 1609732
1299470 972031
1160704 848651
1295165 997556
1312438 988397
1464415 1172890
1620255 1296535
1554454 1268146
1303457 997898
1342319 1012603
1063118 779964
1606988 1299705
1049776 765907
1334561 1018145
1402837 1085836
1351023 1044545
1293384 1004931
1064846 770276
1103814 781697
1712864 1400391
1342953 1037740
1833359 1465961
1561392 1253031
1302757 1008052
1309034 992158
1490050 1190747
1128877 841450
1550209 1221472
983010 721745
1043036 759082
1289147 987671
1319773 994733
1241148 946287
1468665 1144416
1310810 979937
1993415 1626422
1257387 951726
1241555 907561
1298425 994392
1621982 1310877
1396471 1048905
1662609 1336065
1066149 774741
1780085 1466498
1254903 926829
1383760 1050543
1407372 1089566
1205729 916218
1522932 1213557
1192441 882304
1264992 971911
2221993 1885920
1468411 1170961
2289689 1980287
1314944 962707
1694423 1369387
1403759 1062342
1511832 1169557
1120660 785588
1250664 933652
1367127 1026187
1324332 998186
1405329 1079972
1119967 795622
1379751 1064861
1740226 1420764
1337813 989887
1577145 1256189
1198537 855168
1485456 1153884
2408816 2014611
1656884 1323143
1073116 776721
1137139 799120
1595503 1274151
1506669 1189621
1274083 964811
1294573 996876
1415414 1055776
1439577 1105809
2338987 2004391
1124423 796568
1271100 954798
1367256 1018284
1521265 1225548
1153762 851650
1854444 1524960
4587357 4279153
1429873 1108281
1340920 1018168
1398992 1101478
7346513 5423934
1203959 861800
1362381 1030054
1299118 963368
1303750 985038
1594764 1266795
1305529 994146
1314852 950688
1101966 819355
1371317 1045672
1563343 1230886
1279760 942811
1376391 1029341
2238241 1922716
1249298 939537
2346270 2021986
1736904 1420365
1333360 999377
1385282 1057078
1644771 1336917
1073148 774561
3869940 3601070
1467348 1067173
1141487 796846
1416709 1112685
1107132 813069
1283599 967097
1116004 795074
1427902 1106068
1204675 908164
1556453 1223709
5651456 5349854
1091579 791243
1207883 913360
1467168 1168059
1391841 1024766
1184603 880117
1347110 1036857
4406024 4111252
1063806 770426
1305160 991316
1068174 776723
1289266 994700
2042147 1672251
1250100 946453
1340791 1032895
1048739 757458
1437847 1103562
1401654 1047631
1116984 836835
1332766 1012303
1199942 894011
1305030 974379
1573027 1253277
1277113 979580
1467545 1119583
1313774 985675
1704897 1374777
1480233 1164710
1235126 924469
4600155 4274372
1320552 1007845
1209814 921081
1504601 1155409
1494159 1166171
1464840 1161956
1255887 968955
1201738 923534
1302812 980929
1299630 1005088
1111611 790583
1401825 1052211
4620691 4313092
1904646 1574977
1377442 1083412
1264802 955471
1494866 1124308
1388170 1053565
1154940 856819
3934491 3596957
1974790 1623375
1583572 1210517
2434057 2073773
1366595 999244
1842163 1536988
1225933 941208
1315402 1002410
1353472 1053261
1301880 996731
1269340 928665
