1046982 815190
1090904 881204
1252211 989617
1016048 788604
1008445 787537
1115375 895616
1248473 1032486
1336030 1127128
1359920 1110073
1371878 1137420
1494603 1259920
1047441 823296
1378489 1126886
1081482 876297
1270825 1021429
1070056 808710
1242118 1031721
1185499 981235
1052857 870532
1716261 1442654
1091960 866120
1039338 817403
1083750 882581
1415363 1207807
1056653 805748
1414663 1209600
1035686 830257
1291279 1079734
1462860 1272546
1105220 870016
986654 777382
984535 703072
1148966 966315
1338688 1116032
1185565 953864
1258734 1021130
1056071 853310
1251316 980106
916912 705502
995049 765646
977425 790907
1003808 790320
1697222 1503012
1122386 915794
1251889 1018536
917574 720236
1086775 849954
1170877 952286
1138069 887259
962694 732266
1489212 1274811
1457218 1222457
1058575 800295
1293017 1049189
1224178 1009583
1072396 891886
1580363 1353602
1300412 1075691
1340159 1115790
1000160 773325
1161433 949707
1142326 937752
890933 702690
1120500 884567
1448496 1241008
1080484 871188
1429177 1196910
1347272 1113710
1046725 825886
1163601 904423
1378142 1161505
1754991 1485571
1721109 1496870
1177325 941192
1762056 1448842
1136070 928147
1177299 961579
1561120 1352339
1135143 888971
1101901 839788
1088731 854506
1133747 914135
1645028 1432117
1208785 974105
967499 746370
1136221 913982
1766691 1537055
1273518 1045211
1194487 956244
1377047 1145490
1164961 930085
1070448 886083
2050823 1823473
1070209 845397
1555404 1295895
1087182 876540
1214795 1005568
1093647 897978
1591786 1343807
1339041 1125551
1097932 883290
1315453 1072866
1663580 1435737
1485914 1270854
1903373 1602218
1053042 813195
955810 703746
1186737 940755
1102486 869341
964563 750256
1328188 1046623
1022993 807685
1178277 965468
1095332 881633
1161620 939788
958438 760103
1160186 926855
1364677 1107380
1184203 981520
1024421 807517
1540485 1308530
1143756 927601
1159696 948182
2197909 1927070
1224988 973124
1296798 1089609
1488889 1277773
1376207 1156844
1339818 1106170
1179817 1001180
983464 756699
1333015 1113803
1395611 1147670
1343763 1110301
1486870 1258307
1080772 845207
1011543 793107
1068599 882888
1074333 730900
957442 751981
812177 620099
1122322 910708
1128594 949861
1141797 923095
1391214 1162990
1115621 891620
1081020 863525
1201526 992492
1102538 848773
1278603 1049276
1475980 1236207
1904940 1592090
1114193 904176
1090897 864133
1176390 972235
1234473 972622
1338831 1097631
998318 789089
1266519 1005169
1017910 809893
1169022 935397
1011516 801126
1266007 1036054
1110908 901525
1159590 934671
1134296 919885
1213957 968893
1277133 1044343
1303955 1100715
2287033 1961323
2067208 1861681
1235879 967583
1341836 1127742
2021422 1833603
1309682 1083274
1111805 905123
1318498 1099281
1388761 1162940
1188726 969216
1188221 944475
1472120 1238052
1516029 1298653
1200643 974150
1482961 1269763
1215135 974076
1171581 923577
1592667 1380192
1396185 1169102
1178817 981154
1270786 1040206
1173396 948052
1286631 937809
1150651 955145
1210055 960768
1228664 988717
1155708 917282
1165681 856427
1183942 958496
1059672 838116
1025903 813962
1051627 859354
1207791 1017692
1685836 1465781
1230793 1022729
942769 747965
1642108 1420142
996655 827824
1156355 945932
972497 791177
1425696 1213159
1077446 857701
956750 772371
990645 813408
854938 625867
1354726 1158193
1217720 1009732
1415587 1204007
867431 670867
1425323 1114834
1350018 1084171
1358168 1131019
931769 705630
1083357 909088
1215887 938933
1208398 953949
1617048 1404595
994825 779728
1013138 838088
950875 751572
1189674 989880
1521825 1306014
1414208 1194169
1034137 808642
1121772 898509
1660231 1454950
1147652 764553
1074271 833586
1103994 886149
1171060 937510
1061534 794807
1213072 1002726
1163097 853034
1124035 799006
1002936 781954
1236558 1002002
973784 740681
1062440 873464
1171863 949333
996830 778702
913566 697255
869681 686447
1241784 977199
990957 752570
1705006 1397030
939369 713285
1261927 995690
1427276 1183075
1172880 944334
708936 547205
1048788 732426
1040147 852377
1235998 1070851
868709 684342
952997 743838
1102856 869237
1051365 825578
1050342 763835
1388162 1129661
1293384 1058568
1103828 926788
1330434 1124975
1213506 945732
856668 658821
1038850 832174
1190119 887740
1129235 899345
767519 605853
1414532 1139956
1168879 987738
1202480 996214
1002552 797851
1028666 810557
912343 714283
1190266 997198
1031198 821820
1034210 799929
1227271 875584
1053624 859749
1273716 1030138
1305227 1083614
1044918 860830
1230384 1032315
2086853 1873595
1638497 1408038
1100679 927670
1153344 800833
1685887 1365264
1355614 1082156
1155008 937832
884343 693807
1661475 1433115
1056585 856258
1098425 872378
1165755 926516
1078432 838118
1375583 1067894
1195937 1031035
5596521 5376261
1187799 920374
1090593 834771
1653104 1412728
1010168 798585
1095641 850074
1028001 827394
890965 671026
1212030 966388
1331091 1125211
1053861 828979
1196767 948562
1000984 768035
1174685 950925
1367400 1150369
1648634 1409194
1084241 877027
1109278 888729
1067320 821530
1251862 1017810
1131574 893627
1053002 829748
1767887 1534729
1355635 1077779
1073711 854643
976232 744583
1028281 801680
1354634 1119483
1274984 1038181
1259038 1034088
1170484 917107
1240100 983074
1120099 866101
1248622 992670
1056685 828399
1300151 1039719
1452839 1235686
1064559 830139
1065248 813057
859746 655110
1299881 1028849
1181888 941150
1030664 787136
1161825 944384
1294088 1078194
1451029 1199785
1116660 888536
1297487 1049627
903928 686364
1032081 796716
975448 731487
1183192 938060
1723260 1471232
2280398 1969446
1192276 944974
2153382 1896536
1187983 921969
1234382 980728
2089069 1851286
1373415 1131471
1320397 1071059
1469941 1241072
1069814 821125
1209989 971190
1323163 1022505
1678822 1402513
1742750 1509339
1173820 941750
1143418 878045
1215653 954063
982768 757189
1210318 933123
1051142 821102
1572894 1315412
928118 704778
1235825 981366
1322694 1056832
1105802 847638
1733012 1494485
1113542 867316
1203649 968365
1109363 835164
1259871 1027768
1243140 1002083
1197803 943543
1224500 961079
1397572 1139930
1186561 955593
1362207 1114884
1020203 791879
1742087 1463053
1250365 967731
1099298 851536
1432370 1180820
1078508 845597
4288540 4033956
1350138 1086179
1247633 1002821
1473737 1239583
1418815 1171093
1122134 896429
1302463 1078516
1350747 1116941
1013870 785947
1041342 775823
941466 730630
1110517 898286
1151088 919643
1250991 996752
1269568 1026601
847748 667754
1014221 760859
858823 671625
1020330 785024
1253454 1004877
1399142 1155875
1554836 1310535
1156806 926580
1112598 843617
1167101 936345
1423727 1162583
3936730 869273
2028051 1800405
912807 694342
1085492 864346
1425463 1189659
1012898 788969
1322790 1096045
2294196 1955027
1433243 1178222
1070818 856833
952276 726480
1006435 724346
1518822 1193776
1311517 1107813
1101272 880169
1082626 861524
1614584 1414856
1141060 938966
1112508 920775
1422535 1202459
1228078 1020969
1144454 959961
1281490 1038014
877183 688967
1763135 1434179
1346012 1051433
1466746 1153288
1266885 1010493
1299591 1091018
1720584 1423140
952753 758638
1905174 1691782
1254672 1034108
5713683 5475016
930660 741078
1093951 897713
1080305 893929
1207658 1001972
2060394 1656365
1553062 1297314
1182157 944586
1143266 932884
1147269 914690
1236811 987863
1762076 1527571
1230236 921748
817860 637130
1189488 869291
1161346 905536
1116689 902139
1083213 814359
5419610 5216696
1030839 788250
739581 571584
1144966 910992
2101324 1786485
1086856 771756
1433030 1176394
1044620 841293
1408221 1162476
1090247 875083
1003276 706009
2034246 1831500
1220330 1013259
1715695 1510023
1110339 892347
1257426 1055045
5678719 5447114
1099527 909375
882189 693412
1196415 832993
1345722 1116763
1196669 946883
1581176 1290332
1071409 766560
1046951 813631
1236435 982912
1206139 965638
1170645 914231
1227432 1004291
1178435 924457
1721925 1481874
2321571 2010843
1657508 1428119
1151356 938735
1671058 1454785
1151112 926964
1063642 826904
1083561 829707
1394360 1176884
1409767 1158754
1129322 887459
1231799 961126
2321204 2005351
1315815 1099654
1524708 1323888
1400482 1179206
1116381 902564
893654 652459
2324291 2032356
1179682 954351
1081892 883677
1392382 1142945
923909 706068
1277382 1028996
1086941 821924
1428160 1182275
1281491 1058492
1023462 801228
816859 629232
1245984 993049
1987563 1697996
896736 652619
1082982 867965
1089974 867878
1204912 852565
1142118 941982
1278021 1054398
1391226 1062202
1009679 824391
1118391 869897
1260689 1010733
1576909 1367542
1098738 879615
1146514 874911
887553 689852
1158044 922407
1135472 909471
1117409 870691
1376696 1068237
1177670 919639
2216127 1895778
1068671 825076
1315181 1093101
1339762 1105543
5609426 5292544
2209843 1976100
906596 667621
1219683 997387
1196313 954117
1235450 978973
1187992 978558
918702 703265
971123 683677
1149770 916269
1252753 976290
1319861 1045943
936471 701619
1240857 1018120
1339961 1036490
1341670 1106110
4343010 4081576
1244166 1002889
938969 714009
1170536 915808
1131913 866658
1226940 911113
1490532 1206505
1518788 1289495
1229236 1005629
1415205 1142762
1098821 763136
1138844 914805
1067364 784518
1029855 770081
1410929 1196316
2133884 1912285
1226295 1008869
1040012 820017
1058324 812774
927724 717050
1182033 910744
1057916 835282
1690812 1371516
1504199 1169525
5611287 5408627
1059611 858992
1070662 820531
1509791 1273645
1453315 1111559
1276508 986292
830028 653120
961207 754682
1873043 1601001
1073656 859300
1561381 1303793
1275821 1047906
1453838 1102726
1234506 955176
1097911 876748
1183790 940743
1174674 923267
1047329 778412
1543733 1338275
1270644 1031647
1033184 812467
1315408 1063742
2299238 1995420
1262524 1056851
1170497 953191
1021233 802712
1129620 955588
1187109 962872
838961 660968
1002186 783788
1053210 826040
1196394 953250
1275011 1071152
972143 777922
1402616 1173900
1037246 836903
1136961 939785
1064009 842347
1144357 847589
1262054 1031466
1253064 1015492
1381300 1103941
714018 543890
1236968 1026508
1023301 818157
1378721 1136798
1096764 811981
1261702 1048572
1381807 1131050
1388664 1051738
1253627 1033774
1329470 1089557
1350142 1116343
1139317 882281
1195725 959767
1135293 856581
970249 758576
1202149 952390
1195414 839385
1149633 844279
1172908 998029
1489395 1240790
1010980 792143
2016340 1831947
980897 779370
979242 781605
1178969 963736
1174412 980075
1285858 1065597
1903595 1592708
805175 619456
1200072 950264
957012 751177
860145 660690
1017975 808376
1028111 795077
1212359 983775
2019564 1799438
1048785 825919
1035271 818032
964340 729825
1204559 943342
894189 720288
976728 790829
879227 662528
833848 551595
825040 644473
853899 664608
936040 754295
1040985 817427
1068404 864962
982928 704856
1106865 889241
1331725 1111246
852456 681893
1175125 932405
1415231 1215356
970579 696265
848797 656956
1552744 1327346
899946 732937
963257 793437
1068276 863499
1153704 874139
1342982 1024542
857099 657986
1233834 1036309
1350990 1121791
1291422 1070256
1512423 1278135
1382477 1155796
1684852 1451772
1262819 1054867
1612121 1335348
1058840 829575
967917 763539
1481964 1258312
1068553 855184
1064969 858451
1578283 1341298
1351326 1139890
1229694 1045721
838111 632881
1042356 820220
771404 593676
1150721 839291
1024594 836130
1192615 962455
1400646 1184409
1187671 956704
1638999 1415950
1117386 897609
1058997 843576
1117798 857510
1199657 864930
1096398 875270
1307978 1118288
1336548 1104165
1223317 936563
937748 708045
1182630 978390
1163170 943394
1708255 1442639
1612306 1356185
1141045 923039
962831 721293
1061642 848742
1523182 1282128
1106867 875316
1106788 892463
1110071 894556
883134 676259
1336890 1123509
1266146 1029105
1053991 825247
1103663 848686
2225978 1910056
1550134 1367465
1168668 941418
1264437 1056543
952915 763342
1516644 1255524
1349863 1129697
1219773 1031209
1185718 932257
1171039 931736
1144682 921351
1035009 799020
1093043 753571
897557 691030
1241932 1032559
1204325 911745
1080348 841698
766138 595754
1252787 1007383
1299204 1084810
824151 628035
1384541 1137985
1084236 876986
948563 729460
1203343 981752
1101186 845203
1281111 1034783
1232415 994621
908290 686875
1403870 1068113
1334710 1056468
1896113 1699808
1002452 783772
1136708 940677
1324532 990090
1072038 863410
1160160 941845
1516455 1266608
1045512 815327
1241767 986021
1286380 1014352
1362971 1014321
1645973 1296170
1275815 1005897
1157829 859988
1103370 875405
1494016 1241741
1121234 898786
1600082 1378199
948859 764041
1435709 1217758
1230962 949942
1388555 1122137
1210173 989936
1335504 1103602
970901 755390
1240371 994995
970972 747419
1630150 1437526
895176 672372
1062595 849961
944770 716731
1211593 1023887
1092868 878863
1411971 1145451
1129882 930936
1296065 977466
1278632 1090165
1375747 1114819
1032503 833800
1258328 1070170
1053697 818231
942088 723404
1417703 1208789
5675240 5440027
999412 779152
919080 706326
894506 695987
1722121 1413963
866585 671210
1430302 1204278
1194715 865989
1358480 1081244
795008 616825
1030966 823570
1726090 1446290
1179820 942188
1123270 880356
1092115 897722
1158026 927338
1211774 899473
877695 661189
1269299 1037609
1214740 946325
1354167 1136430
1089824 866222
982582 779789
2106082 1838057
1038418 788899
1305433 1007239
1035936 828521
1342877 1119634
1014000 807742
1539281 1204920
1150603 827058
1411187 1193030
1136379 882931
1234485 1024908
1340372 1079153
1093001 851943
2201047 1960856
1282391 1070561
1226050 950972
1693971 1475174
1136170 886205
1451020 1195773
1249089 996824
1140541 901271
1302705 1077999
1027580 802477
1065739 820864
947328 696264
1180450 944487
1458150 1190100
1581244 1316981
1097023 831079
1244697 1001927
1738509 1498251
1125219 871884
1412668 1158823
1143714 891716
1134155 918383
1054970 806845
1071982 832527
1147262 863205
1288280 1034118
1258438 978960
1326349 1070170
1178761 915756
1159443 898216
1434955 1183054
1435545 1162512
1510044 1242123
1316312 1027571
1322445 1070550
1080821 844296
1260377 999798
2219410 1963486
1288544 1056547
1319613 1055150
1056789 813872
1216461 989703
1301077 1041795
1177122 965066
1098635 856396
1219284 984009
1304694 1058767
1017640 792382
1131359 933517
1551884 1266854
2347577 1995522
1240430 998324
5684016 5439475
1506874 1264501
978874 738090
1493910 1261294
1668658 1448447
1288566 1040355
1179708 899894
1124488 899841
1098948 852580
1159622 949428
1449451 1192770
1118810 858349
1342567 1063507
1054914 822409
1659670 1435650
1187217 950229
1472455 1234937
1233444 984388
1144460 894558
1600739 1365811
1210200 973266
1299316 1066861
1218710 964850
1441506 1191830
1093280 847012
1227203 972948
2169692 1911818
1484712 1218717
1200963 949053
1098062 855577
1139102 899547
1139827 826552
1225252 998734
900643 684415
1117913 903193
1471511 1235542
1106587 878979
1535409 1273568
1258831 1036155
900000 678881
1142225 883438
1663359 1326442
1170377 943787
1155992 928593
1161566 933410
1348766 1101848
948292 727661
1345262 1091066
1093534 866585
1105232 872443
1178790 937760
1465597 1244062
1168283 942601
912602 690969
1541937 1305883
998144 781586
1061889 820319
4457427 1485851
1191610 946187
1521477 1196462
1185494 929346
2277536 1933997
1155101 922749
1129409 895330
1414094 1192964
1131614 894896
1189365 934637
1078034 856036
1245197 1014749
1282579 1058976
1447140 1180363
1015292 760056
902921 680166
1193540 976193
1331423 1100119
2053634 1816517
1041234 806375
1215514 960256
1376018 1136274
1785961 1532030
1877497 1565384
1246929 994832
1107425 882829
1316794 1094416
1195663 952683
1049683 824876
1483972 1261234
1044764 807080
1100578 891232
1087016 891206
1227881 992977
1161304 914073
1120301 922545
1123499 902720
1763851 1497588
1424932 1183672
966311 722619
1171010 928468
1751423 1505172
1139781 916898
1295623 1078687
1168010 880220
1658003 1441550
4422158 4130567
1343730 1120388
1152466 925482
1360594 1130865
1769164 1541338
1659038 1420706
1156163 935885
1248259 1032973
1336500 1103101
1068546 819152
1132737 903325
1208676 977627
1271529 1018697
953669 767383
1077917 863592
1139856 905653
1037967 806248
1606288 1386807
1469001 1195394
1338459 1082903
1782444 1533332
1117606 864376
4202885 3989193
895308 675461
1100330 902612
955465 703008
2245934 1933197
1283458 1045652
1312826 1088550
1092223 863270
1475228 1244988
1216982 959732
1154744 928770
1045314 795455
1153082 876314
1152281 885063
1259686 1032351
1413069 1171390
1135530 896385
2155828 1928429
955401 757285
1201072 937566
1595573 1388680
1146134 910105
1270434 1078456
1020740 807664
1235158 1029765
960043 719196
1378497 1029738
939729 670977
1378200 1153231
1501496 1299485
1072916 860301
1275701 1064662
1213619 985708
1512965 1296419
1384531 1053447
1163097 948159
1096623 843859
962459 741745
1354448 1127226
1406680 1161775
1706036 1482509
1237047 1035017
1852753 1592895
1655131 1415683
1132727 888197
1422473 1171176
1104362 876125
1105942 890885
1256832 1028545
1365262 1109393
1168951 899950
1638985 1400331
1184650 938585
1169675 932749
992871 746500
1069829 834654
1265778 1023143
1375947 1114290
2462969 2136958
1522493 1280717
994276 769473
1117667 885693
1477451 1207056
979785 729767
942211 706241
965439 717308
1781938 1541969
1153512 920029
978571 732530
1331436 1091952
950500 721288
2188810 1882670
2136710 1900873
1131529 900446
1072932 829742
1042634 805282
1545065 1257641
1281877 1031322
1582112 1350053
1218094 985221
1139037 905277
1447638 1182966
1257992 962409
1792892 1048894
1180544 947364
1110600 874347
1248723 996039
1457908 1219608
1315536 1080008
1715624 1480988
1348305 1116138
1376761 1142952
5677545 5423217
1096433 829716
1234740 994362
1137731 902208
1062604 846229
1782484 1501189
889072 684010
1123220 883479
1251090 1020436
1092306 842347
1189392 954373
1255274 983932
1605759 1338154
1674322 1428545
1101361 849389
1338322 1066960
987346 728461
974786 720104
1421202 1167630
1160508 906889
1363860 1106720
1396936 1178553
1136053 899400
1464645 1232028
2330971 1992034
1251484 1009708
1274139 1044867
1273996 1007903
2143085 1913558
1194769 952431
1295553 1021174
1301104 1032192
1064438 823600
1336548 1111785
1317249 1068917
1626338 1404493
945126 753723
1099042 887568
1153884 893196
965409 727648
1291632 1032950
1168017 970370
1399808 1147427
1156402 915268
1280965 1039174
1190889 945629
1420482 1179828
1163307 926610
1181260 925079
1140009 894874
1254330 992480
1110214 869306
1331407 1089579
1161060 923036
1240156 995757
1080572 844918
1149411 908874
1408315 1179782
1550569 1290266
1185980 941174
1167452 935692
1291860 1012020
950374 735233
1324100 1049828
1270014 1032582
1511885 1262253
1718691 1422343
1222323 945474
1652023 1384336
1173363 907688
1194826 947281
1257694 1004131
1418135 1151974
1254007 993927
1829038 1595108
1261895 985133
1221625 987939
1165713 925621
1252272 993193
1389026 1152941
1291839 1025436
1153278 917889
975823 735748
1547882 1296696
1468119 1218709
1247886 1001280
5757982 5505883
1138335 892746
950196 725120
1080401 853367
1239378 993382
1599783 1353605
1714461 1466953
1235774 938532
1120085 858343
1785550 1533064
1551437 1288278
1503738 1265014
1036951 796174
1061485 819756
1392866 1143074
1309097 1077403
1094721 868086
986662 740664
1265821 1014905
1468430 1221391
1195692 949542
1147555 912370
1397110 1150741
1056512 795831
1162719 930833
1500924 1254050
1399902 1159207
1265669 1022139
1142642 874438
1318937 1081441
1205230 946045
1397903 1113754
1453118 1197170
2210836 1947256
1460196 1216166
1435381 1195591
1143050 906698
1229712 986364
1453111 1207081
1544237 1303395
1052621 818767
2313420 2059521
1206667 955434
1189672 952856
1418606 1169609
2345368 2020732
2189770 1952003
1380933 1128963
1451716 1213038
1271518 1003011
4460990 4202332
1182080 938962
1769574 1522608
1101898 861659
1390504 1135982
955053 722719
960143 719380
985764 749419
1336864 1098908
1195625 938711
945750 703732
1235005 1014099
1406329 1174339
1040349 807245
1145295 877962
1458145 1213356
1554595 1317376
1387939 1137139
941765 711379
1798949 1556179
1292243 1023297
1264296 1003923
911231 685481
1169316 942701
952927 731914
1044487 809653
1411391 1213890
1502589 1313418
1433021 1199045
1197770 1014793
1042877 810689
1034331 822513
1113068 953326
1002399 781290
1227434 979465
878953 704951
1055403 849731
1208248 981838
1319399 1095832
1552012 1346330
1520529 1269310
1175827 943918
862800 661600
1268550 1038682
1470082 1202714
1058239 839898
930618 702401
1329666 1102271
1223639 977155
1041595 802444
1475337 1234518
1237461 962392
1267415 1041564
1186335 952286
1218005 978645
1408512 1178716
1244682 984471
1000877 741146
1357253 1096565
1149748 926125
1202854 951654
1427187 1189510
972790 730730
1774614 1546437
1157526 915661
1482272 1247133
1258397 1025754
1441207 1193828
1254765 991320
1185102 931623
1514103 1268589
1631217 1384105
1231084 979315
1077548 841110
1306692 1052693
1321893 1077861
1107155 863308
1205908 963746
1150600 913993
1148820 887877
1549321 1298496
1265567 1022398
1136500 869927
1114108 884184
1202270 967691
1081056 843101
1257891 1016015
1354280 1080307
1446791 1211925
1094300 818859
1188445 929929
2304477 2062557
1071334 833052
1153343 930873
979567 746794
2181729 1938159
1310989 1059274
1219471 980897
1205731 954921
1107074 857275
1145865 897576
1257869 1030529
955194 690964
938582 714818
1202376 954921
1321732 1075196
1081554 862968
1310235 1029323
1371814 1130282
1182567 947177
1205631 931595
1224362 944646
986841 749173
1443344 1190932
992432 750565
1184065 936600
1172043 938153
1188964 902557
2236253 1989783
1329838 1047912
1441384 1191389
931082 707366
1137285 868410
1147780 919016
1575326 1327446
2351932 2014081
948596 722994
1202387 954254
1428437 1194719
1233856 996047
1053608 822676
1723018 1429462
1420507 1160821
1291764 1041312
1180806 953867
1085716 843647
1303999 1020263
2207275 1918198
1060546 818113
1393768 1156803
1015931 763662
2152033 1907146
1166721 925925
1411002 1165111
1111660 893119
1265318 1001971
1394454 1145756
1586621 1346993
1183156 939800
1149601 922338
1466655 1221885
1218384 962655
947028 728783
1100266 861219
991747 758557
1080927 833316
1083706 884927
1407659 1163446
1194151 955719
1074758 842159
1067171 831614
1312775 1087689
1218438 991397
967510 730411
1121665 901271
1199311 962577
1034354 793173
1224849 973305
1455941 1210115
1090320 871495
1176947 947256
1226695 996102
1183099 954372
1118562 846795
1311894 1078797
2352787 2040148
1470177 1240487
1520616 1284902
1178683 944197
1177219 925222
1253486 1008549
1304069 1065230
1053171 804190
968001 742010
1258006 1005777
1119132 880497
970232 750103
1724308 1477164
967732 736651
1117526 858181
1461141 1246260
1387623 1155674
1135546 896811
1204760 974476
990938 763985
1270131 1031007
1164639 921698
1094827 866723
1200483 961826
1066274 800166
1485180 1248831
1749176 1492791
1213775 976405
1317513 1085521
1429713 1180500
1326882 1077593
935697 724606
957471 723738
1540589 1319465
2120203 1876439
2261589 2006915
1215941 969166
1456678 1238775
1473605 1179840
1064421 837369
1237962 987534
1341895 1119027
975496 737648
1554377 1305615
859190 660173
1214836 959247
1275006 1032189
1273561 1000190
1008294 710931
944604 717239
1739487 1475634
1198486 950178
1048052 806492
1409616 1167595
1059472 818318
1312283 1050603
1239854 994690
1064420 840812
1175370 947106
1430236 1181985
1646703 1365745
1212478 983251
1238490 1004957
1113072 876390
1158732 911926
1245735 1021222
2299916 1965930
1215956 952113
1173346 943202
1251652 1000372
1124707 879843
1139969 919019
1248613 990199
970167 737719
1174394 891993
1205869 963313
989937 693919
1527000 1285962
1185855 908579
1338172 1078496
1429994 1192612
4133004 3867182
1139923 865352
1166982 945495
1208427 969524
1391784 1160199
1154599 933267
1159337 901071
1083232 846868
966289 709801
1410836 1178843
1069984 842414
1589018 1335167
1472621 1231645
1101752 880076
1216879 957213
1209067 973257
1232633 972875
1486233 1243337
1232079 971718
1251822 968884
1303049 1067376
1277950 998046
1784133 1562657
1698599 1475957
1221213 974743
1091966 828618
1161949 929455
1222956 970825
974917 730090
1206126 956595
1252488 1018878
1084921 865949
1318425 1081802
1307863 1082367
1133809 865198
1175742 956554
982278 741462
1146158 930514
1534769 1297704
1215252 959288
1666778 1435157
1102957 858702
5643321 5408802
1413596 1185648
1206217 958053
1236228 993047
1212689 974844
1070951 817575
1127495 901506
1151313 921018
1240457 976151
1363738 1141691
1615687 1361435
1338792 1099594
1009584 731231
1066866 818007
941910 727001
1280149 1023011
1074797 842566
1275930 1016127
1111046 883243
1239522 1002492
1249443 1005580
1077481 830039
1478204 1132140
1253897 996782
1014581 799648
1119278 884128
1319869 1087253
1039414 815764
2369654 2124272
1500760 1244558
1169046 931283
1119430 869480
1066237 833665
1188528 941825
1392619 1152822
5679257 5462917
1188742 947886
1920694 1625615
1078464 836658
1267831 1029038
1410709 1192854
1331663 1055603
2120481 1898968
1051039 838952
2454926 2173628
1122476 884471
1325036 1052512
1192617 945608
1242702 1028410
1777327 1533431
1780119 1466999
1105011 851907
1527842 1268395
1176037 954913
1264936 1019908
1276817 1060993
1932019 1636407
1730213 1482593
1407660 1153280
1789272 1523414
1089319 845833
1330860 1103557
964279 748569
1292051 1053990
1054273 815897
1688641 1442282
1146645 911371
1243465 990750
1334089 1080219
1684463 1444033
1341950 1091873
1599856 1344902
1097673 838215
1672855 1415148
1157150 942303
1170217 930946
1256479 1012504
1176332 932471
1107313 875823
1142163 866264
1361669 1127414
2247314 1936371
948988 715143
1174457 909231
1185147 906971
966839 745264
1261838 1028227
1475310 1233137
1531179 1286758
1232740 986920
2267939 1996550
1150176 913569
1315801 1043350
1102813 852393
1214186 994797
1095863 850413
1073394 847962
1133762 896461
1059226 818414
1528208 1289214
1177938 930926
1181649 954924
1128610 862509
1265214 1019215
1216031 987053
1424812 1148511
1186399 916726
1413429 1177048
1265898 1021218
1078400 842036
1161111 930507
932952 691464
1197796 972346
985488 753495
1144398 916929
1226351 982169
1295896 1073118
961954 736950
1094249 836686
1191525 946674
1304971 1050437
1265519 1004214
1472591 1233759
1379804 1138084
1472455 1244543
1095778 851286
1692923 1407150
1224652 996136
1002939 748617
1798083 1563535
1121394 891169
1208389 960637
1184304 936697
1091163 848116
1189922 973458
1244414 985674
1034665 802478
961269 708152
1464729 1225578
1399234 1157689
1381871 1132752
1085051 847384
1455527 1243336
1460225 1159711
1071563 842199
1111439 855534
1521058 1267167
1844698 1588866
1400009 1155148
1997129 1780474
1060997 832925
990028 755083
1373304 1061944
2160063 1915322
1303005 1021223
1265306 1018741
4278168 4042592
1451855 1220052
1345333 1100790
940221 714863
1131767 901472
1053511 806072
1218485 980657
1311948 1067236
1459270 1197598
1469419 1188956
1227515 998307
1194734 958093
1113064 891879
1440334 1205429
1313709 1049466
1460970 1219073
1187689 933775
1332616 1094945
1426941 1188687
1667694 1403031
1419316 1142576
1170884 942993
1369178 1115863
1075262 836039
1157208 901232
1327408 1091563
1173827 943219
1178488 939492
1439677 1192872
1038141 809831
1318816 1075574
1031535 795764
1437475 1155848
1140787 906071
1315594 1038392
1377706 1139566
1391244 1149240
1174676 930645
1800865 1550634
1364258 1124322
1088620 852840
2326224 2003138
935458 718697
1193191 955372
1716930 1484735
1296167 1031118
1179357 931553
1229647 985412
1169967 924337
1283140 1018439
1262282 999991
1001992 763393
1877818 1562727
1196275 943389
1845560 1572402
1417798 1159882
1203251 970267
1750673 1508316
1210088 965831
1142184 889874
1082519 829316
1425699 1174742
1333189 1096065
1254357 983926
950537 715879
1094638 855268
1423841 1159291
1218278 978787
1293715 1048843
1182325 944397
1148861 913740
1497990 1252115
2247686 2012668
1760872 1491644
1465453 1216523
2369572 2054007
967643 726669
1206783 976405
1081160 833840
5782902 1277246
2107650 1059119
1291500 1005030
1063148 838888
1213837 969924
1196395 949440
1382291 1077632
1321520 1019101
1077912 828274
1002744 727433
1177764 922558
1485071 1227938
1109273 854777
1631445 1375047
1514472 1266896
4459329 4207706
1763822 1512819
1140828 868940
1545963 1312938
1496525 1211324
1106975 824567
1595269 1312810
1246487 946417
1259171 976393
1291024 1020691
1836177 1595396
1160694 916060
1086554 827862
1292418 987210
988727 674883
1294778 1047737
1920766 1668889
1159091 894203
1411325 1187481
2404178 2044684
1302199 1008714
1330720 1078657
976830 711285
1235721 944083
1201765 925969
1184933 928917
1100356 852030
1378107 1136388
1260892 1001825
1255548 981776
1474777 1205876
1214857 988283
988803 725043
1205684 946324
1089521 853141
1603177 1353754
1342240 1097993
1136320 872685
983145 755392
1792588 1500335
1163281 913426
1071531 818580
1421710 1170783
1128561 921181
1302731 1091180
1671657 1375596
1256535 979394
1314130 1071360
1793590 1549369
1458591 1187425
1209253 935267
1060863 831762
1199653 958973
1068574 826682
1433559 1173106
1245095 985839
5560487 5320240
1081162 856481
899265 714294
1780014 1560957
1474268 1226866
1534828 1280034
1083207 823746
1086723 843823
1367395 1157225
1533833 1290008
1211562 970447
1191084 930314
1508660 1263503
942092 744405
1305603 1073720
1181863 939693
1381884 1137268
918397 695323
1775455 1548273
1364915 1120389
994636 749345
1147837 911533
1227137 970857
1272033 1018735
1137716 886764
1616347 1364089
970926 736120
4361126 4108401
1101359 853655
1450998 1190655
1230385 910092
1200284 966704
2133506 1886774
1053693 813632
1113733 837128
1541111 1199340
949240 736588
1330765 1087454
1227962 976987
2100461 1860897
1247721 947780
1224745 996722
1260132 1003883
1343962 1002050
1161399 909356
1029997 824935
1251189 1038559
1360057 975631
1442981 1180535
965618 773492
1093059 820196
1180127 938886
1115283 867693
1117129 884415
1225988 896952
1364107 1121371
1142105 907685
1361445 1132316
987555 782920
1157027 972803
1249755 1007611
1168263 934915
1123729 911484
2178320 1870794
887271 674003
1404708 1132168
1112796 894674
1117571 927208
1074757 813367
1316320 1040228
1339981 1141542
1049346 707193
764811 603567
1254383 1021789
1012418 753425
1724290 1455439
1096646 873560
1106298 871791
1093295 888070
937320 720552
1473387 1261578
1086891 870314
766317 568010
1307548 978564
1139653 905353
1317570 958971
1621994 1386381
1099763 871041
970789 743510
1247778 1022430
1160261 910990
1667014 1390417
1144249 896697
1236339 967692
1119767 890063
1946614 1741505
1192154 962422
1188844 969077
1219846 871045
909506 691644
1550038 1248062
1149722 929268
1204339 965089
1500725 1250557
960664 732890
944954 709583
1463232 1144148
1094153 846305
894860 695426
1441355 1229759
1244521 1010923
1207768 929483
1095971 858393
1391181 1186904
1034941 793111
1293051 968206
1759187 1524758
962584 717333
4470057 4218673
1342616 1095721
1211270 965983
1221219 972106
1448053 1200731
1160988 918493
1441669 1209889
2226456 1970435
1414926 1199256
1001267 763069
1275281 1046471
1113977 873127
1449315 1229205
1284199 1016385
4327690 4082039
1346525 1098663
1213457 967526
1220051 965450
1278007 1015926
1299218 1074600
1094845 848173
1314881 1057735
1098304 856996
1370122 1126450
1073626 838212
1106195 851593
966918 729178
1236382 969346
1497955 1214356
936119 703941
1215571 967063
1221579 977183
1350725 1091878
1234728 980196
1427590 1197779
1138197 890100
1093201 857136
981083 727381
957980 720800
2320317 2062920
1118299 874237
1279787 1039251
2244548 1965212
1212099 962016
1065406 820162
1168673 911269
1238242 961648
1184620 938295
1192395 938798
1075998 830331
1390994 1152453
1425037 1163346
1061322 834529
1366166 1126385
1446041 1217349
1497333 1245716
1426047 1165005
1165643 914786
984365 727196
1286430 1027231
1072917 838614
1088534 852045
1215421 956176
1745674 1496037
1178497 939406
1089933 853172
983312 726343
2367159 2034400
1086208 842501
1107249 869332
1122598 860536
1458927 1210285
1359199 1086716
1158278 913210
2293638 2050175
1504353 1237551
1203976 952636
1311932 1034799
1214228 954175
1245808 1004248
1660793 1436571
1236554 974925
1218151 980981
1444147 1195014
979052 742326
1259195 1013285
1344763 1102793
1217686 966749
1349029 1091051
1270345 1036963
955147 738154
1479468 1211025
2305795 1968574
1840770 1546016
1372935 1113927
1534856 1274161
1274217 1015201
962718 738759
1524749 1284818
1143903 862840
1781386 1548213
1362152 1093954
1295405 1046320
1463583 1233402
1239773 974491
1208285 948293
1131953 902041
1154688 881091
1307456 1039311
1211554 959811
1555815 1299988
1146750 934117
1296670 1051961
1118823 875801
975802 742843
4416534 4149653
1137495 904653
1383435 1095957
1204594 959057
1156925 907225
1614453 1381442
2195422 1940263
1365031 1091450
2146674 1890981
1294094 1030496
5986731 5713104
1400891 1156244
1514762 1279240
1198045 946405
1377090 1144789
1410004 1152100
1177073 944277
1148484 882961
2104466 1860267
1772287 1538091
1296030 1006134
1132157 876857
981298 728837
1278017 1007041
1197382 957275
1210574 947740
975190 738734
1120915 867237
1429217 1183665
1238020 999291
1231492 979852
1196102 938515
1260727 1009834
1188620 924743
1307061 1052096
1845365 1541267
1088680 849805
1526825 1268260
1088624 840276
1160373 932444
1087638 836437
1580052 1283835
1198779 961334
1424674 1151424
1182113 947794
1086156 842747
1292656 1029937
1470308 1228158
5684511 5429059
1184585 937894
1039511 817461
1330921 1066852
2242468 1999971
1308849 1029793
1344158 1098475
975981 723549
1601595 1284052
1176016 919537
1245930 989838
1096318 855344
1144721 907140
1339871 1091221
1518653 1265906
962639 720604
1381634 1132983
1169973 930363
1046399 792841
1095502 860893
1074561 818319
1057316 796709
1191709 948486
1097825 846440
1714548 1485831
1543395 1288987
1409951 1161738
1704297 1486384
1389354 1141853
1505824 1260904
1094209 852817
1676884 1444154
1084815 843740
1312127 1079216
1074836 833048
1190121 951498
1620791 1338662
1336518 1077577
1525650 1288188
1665608 1429692
1224960 985577
1157342 924578
1510147 1288665
1201600 967258
1548938 1304118
1694563 1449333
2106484 1874375
1277684 1017102
1058266 823667
1229896 966559
2178484 1935401
1328817 1055900
1104118 762398
1266949 919091
1760242 1494595
1099805 873100
1124133 891350
1452994 1222065
1072837 834729
1234299 994287
1076702 826551
1279297 1033590
1107656 870404
1081234 825047
1163134 938860
1099497 874057
1132497 891066
1630916 1335143
1145413 917844
1700316 1473632
1150948 916491
1261968 1026313
1232418 967737
1585269 1343125
1181500 947172
1300930 1048972
1342102 1108135
1483425 1254370
1057414 797331
1139348 919230
1360990 1112069
1242823 1005691
1219445 993530
1120645 896523
958244 732857
1240274 911958
1395769 1142434
1108124 883084
1095716 860633
1275178 1028626
1133232 929080
1289070 1068161
898389 674701
1113425 873658
1713119 1494281
1657549 1432574
993517 683707
952999 742638
931057 723831
1036457 805129
1579070 1315437
1674279 1421913
1302802 1004661
1194483 978862
1153016 844047
998622 787643
1220962 983259
1173062 872922
1179156 906398
1209120 960139
1718948 1493621
963218 745174
1265910 1035211
1140246 890004
1331576 1116196
2249030 1896101
1515178 1263112
1201439 943601
984834 734838
1232342 893616
1258836 1005296
1107692 890082
1447733 1217124
1714298 1482965
1126608 909499
1279628 1069419
1144981 885642
1361970 1124740
898356 680667
1444313 1209022
895988 681420
1879920 1545135
1315460 1059768
1171385 936152
1470125 1227400
1275869 996705
1122099 751388
2045095 1865288
1221853 989255
1192420 952217
1845479 1510143
1444036 1203317
913493 695844
1466769 1088684
1189969 954577
1150186 881255
1133659 924988
1291354 996437
993365 768919
1554368 1292443
980939 750908
1510882 1242776
1164635 933168
1144702 878420
1153930 898404
1255339 1034370
1194222 954771
1243557 1005294
1049743 814172
1212515 981649
1079703 848050
2065740 1853301
1204411 960787
1346866 1072844
1105691 877464
1169538 905230
1748368 1494445
960067 721803
1095573 827976
1123542 881759
964483 716661
1713826 1478282
1213357 963940
1766308 1516032
1197657 961138
1211128 966689
1192129 949548
1436450 1176433
1439958 1172848
1629947 1385948
916739 692297
1458528 1218960
1184687 944548
1553772 1234028
1128353 885455
1068031 863841
1078238 868826
1095844 899527
1184217 852116
1036504 801282
1157414 929544
1180296 945530
1197757 962993
1027183 791825
955315 735052
1177965 937044
1212154 979225
1183793 928203
1548762 1293949
1048861 831651
1222158 982942
847109 635360
981511 776888
1160273 932775
1910069 1506112
1228258 979884
1005529 719759
1350334 944215
1290670 1030785
1180367 928132
1311906 1048560
1022796 805220
1044824 845039
1278795 1042933
1535821 1339002
1177407 943611
1560017 1341771
1175857 947384
2259708 1952346
945739 724976
1131218 892012
912512 703611
1431271 1196122
1166243 826253
1290121 1057614
1475821 1222678
1292397 1067814
1409813 1189140
970822 785665
1228338 892288
1060244 859661
968706 774333
2201295 1911476
1302503 1079313
812737 640901
896490 707553
2189833 1907160
1308357 978731
949505 750742
1381736 1155971
1256947 1004071
1248274 988688
1396183 1172513
1290893 1065648
1373114 1189097
1076758 852141
1397570 1164348
1126914 932755
900272 671675
862551 690974
1330759 1154503
1019567 725604
871791 601831
1240012 1013423
1058105 773961
1302760 1081776
1113016 874678
1517118 1174095
1205486 984752
1058809 855454
1051941 828183
1364767 1149974
1226149 1014297
1263833 1044586
1225042 1029004
1233218 920006
1130789 895745
888593 669565
1251834 1027069
1276542 1051741
1018856 795214
1115130 880219
1066127 843178
1416323 1187820
1197582 904448
1018117 799354
1006426 816058
1060043 819704
1207893 975943
1091784 896545
1349833 1068622
1210625 972226
891438 677705
1024494 793662
1417788 1194924
1464023 1212046
1007339 797949
1114216 896861
1149859 891423
1411916 1220541
3875276 3628165
1463440 1249776
1301750 1061069
1454862 1217765
1223763 971027
1318675 1039365
991949 762731
1188609 960111
1058612 713693
1186620 939616
1397166 1064580
1465242 1206875
1829352 1556529
1122489 903211
1042993 822928
1073197 849046
1063988 844372
1289809 1064485
1412222 1209920
1542046 1269265
1081961 864804
1189391 972917
1001238 693803
1348980 1149673
954292 756116
1086995 880460
1193694 970123
1210418 982606
1126259 890561
906283 691437
882908 689882
1573667 1330551
1178267 961600
1531733 1268466
1367194 1134758
1143184 915093
1175833 965073
1297350 1065861
998702 763993
1347610 1113579
898606 692787
1031664 788414
1132027 909221
1209909 962215
1104423 866369
1201392 987854
1142961 777952
1866095 1584817
1180761 907086
1053886 828465
1147931 881384
1409279 1203105
1175686 953538
1417183 1176049
1019682 779783
1663657 1416956
1094293 857408
1273698 1052618
1266993 1035369
1117476 890762
1446789 1213013
1040843 822537
1179850 942667
2161486 1931919
1384275 1145237
2163170 1931402
1135803 878472
1170026 892999
1341377 1061320
1316589 1066140
972978 737936
1092798 839796
1243069 1009725
1239547 981832
1371309 1102104
996015 734382
1312821 1074438
1580853 1363246
1138677 904484
1487247 1228311
1079337 851680
1365954 1129846
2313830 1984771
1534170 1285343
969855 756497
1028562 767934
1497720 1243844
1377267 1140295
1252115 982748
1197618 961145
1219509 983703
1243241 996712
2150646 1915150
915788 684782
1084680 844109
1264950 981585
1345990 1105455
1062416 828013
1639390 1384094
4447536 4232903
1185937 958338
1196443 978326
1394574 1063116
1337294 1101282
1073194 836329
1171500 915667
1106200 867549
1153312 896744
1495882 1245020
1237904 920772
1648615 1418742
931201 710587
1210104 974805
1412401 1183706
1160606 899037
1225588 978613
1923565 1687810
1220313 957521
2146322 1892957
1589047 1382974
1166415 932427
1180287 977446
1420519 1213704
970529 724419
1056475 816368
1192605 942115
921918 673698
1293048 1015243
943247 719173
1234242 923960
982929 741628
1202187 972935
1197911 842789
1417418 1184255
5614514 5381694
836335 647119
827635 639454
1410786 1170154
1253194 1028804
1081801 871516
1220847 958530
4043492 3853741
834488 649205
1009853 821164
922027 735931
1293314 950911
1804157 1538387
1263068 946272
1015547 844668
941591 702014
1290504 922768
1326161 1012221
947211 747285
1180219 959638
1091197 865348
1046117 819732
1529719 1258522
1116020 896591
1359504 1016430
1135370 876200
1465507 1258808
1283524 1067392
1082171 828039
1109727 885962
1286695 935181
1154073 899731
1214290 991106
1220016 1029186
1206182 1009263
1085543 839724
1081087 811595
1037831 828951
1330080 952442
850827 659153
1248830 976069
1383211 1140413
1610358 1413487
1151389 954883
1133934 894623
1191982 901217
1291550 1006762
1032581 835823
1367489 1133796
1741417 1503152
1188324 972574
2164602 1940984
1163999 924638
1781763 1538655
1037928 817180
1134144 901779
1252717 1018154
1134631 919838
1109840 853564
